
iter,  cost function,  rel. grad. norm,  abs. grad. norm,    angle,  step size

   0,      2.803e+03,        1.000e+00,        2.613e+01,  179.800,  

   1,      2.256e+01,        2.474e+01,        6.464e+02,   89.123,  1.000e+00
   2,      9.242e+00,        1.492e+01,        3.897e+02,   91.707,  2.441e-04
   3,      9.111e-01,        2.180e+00,        5.697e+01,   57.308,  1.000e+00
   4,      8.336e-01,        2.255e+00,        5.891e+01,   57.982,  1.000e+00
   5,      7.662e-01,        2.722e+00,        7.112e+01,   62.710,  4.883e-04
   6,      7.120e-01,        2.269e+00,        5.928e+01,   55.648,  4.883e-04
   7,      6.812e-01,        2.875e+00,        7.512e+01,   58.693,  5.000e-01
   8,      6.336e-01,        2.063e+00,        5.391e+01,   48.507,  4.883e-04
   9,      6.219e-01,        2.646e+00,        6.914e+01,   51.489,  1.000e+00

iter,  cost function,  rel. grad. norm,  abs. grad. norm,    angle,  step size

  10,      5.797e-01,        1.833e+00,        4.789e+01,   41.345,  4.883e-04
  11,      5.631e-01,        1.989e+00,        5.196e+01,   41.815,  5.000e-01
  12,      5.582e-01,        1.509e+00,        3.942e+01,   33.623,  1.953e-03
  13,      5.364e-01,        1.693e+00,        4.423e+01,   34.748,  6.250e-02
  14,      5.356e-01,        1.278e+00,        3.340e+01,   27.994,  1.953e-03
  15,      5.175e-01,        1.405e+00,        3.671e+01,   28.529,  6.250e-02
  16,      5.116e-01,        1.065e+00,        2.782e+01,   22.705,  1.953e-03
  17,      5.114e-01,        1.382e+00,        3.612e+01,   26.482,  6.250e-02
  18,      5.035e-01,        9.862e-01,        2.577e+01,   20.789,  4.883e-04
  19,      4.977e-01,        1.110e+00,        2.901e+01,   21.923,  5.000e-01

iter,  cost function,  rel. grad. norm,  abs. grad. norm,    angle,  step size

  20,      4.939e-01,        9.227e-01,        2.411e+01,   18.984,  4.883e-04
  21,      4.925e-01,        9.787e-01,        2.557e+01,   19.655,  6.250e-02
  22,      4.902e-01,        7.214e-01,        1.885e+01,   15.425,  3.906e-03
  23,      4.886e-01,        1.028e+00,        2.687e+01,   19.025,  6.250e-02
  24,      4.754e-01,        5.858e-01,        1.531e+01,   12.029,  2.441e-04
  25,      4.725e-01,        5.867e-01,        1.533e+01,   11.857,  1.000e+00
  26,      4.720e-01,        6.670e-01,        1.743e+01,   13.091,  4.883e-04
  27,      4.715e-01,        5.242e-01,        1.370e+01,   10.862,  4.883e-04
  28,      4.704e-01,        7.150e-01,        1.868e+01,   13.717,  5.000e-01
  29,      4.657e-01,        4.790e-01,        1.251e+01,    9.767,  2.441e-04

iter,  cost function,  rel. grad. norm,  abs. grad. norm,    angle,  step size

  30,      4.630e-01,        5.116e-01,        1.337e+01,   10.176,  1.000e+00
  31,      4.612e-01,        4.201e-01,        1.098e+01,    8.669,  9.766e-04
  32,      4.599e-01,        5.534e-01,        1.446e+01,   10.768,  1.250e-01
  33,      4.572e-01,        3.910e-01,        1.022e+01,    7.965,  2.441e-04
  34,      4.537e-01,        4.144e-01,        1.083e+01,    8.268,  1.000e+00
  35,      4.527e-01,        4.646e-01,        1.214e+01,    9.894,  1.953e-03
  36,      4.454e-01,        4.750e-01,        1.241e+01,    9.237,  2.500e-01
  37,      4.412e-01,        2.901e-01,        7.579e+00,    5.921,  2.441e-04
  38,      4.385e-01,        2.978e-01,        7.780e+00,    6.018,  1.000e+00
  39,      4.334e-01,        5.807e-01,        1.517e+01,   10.995,  3.906e-03

iter,  cost function,  rel. grad. norm,  abs. grad. norm,    angle,  step size

  40,      4.237e-01,        2.324e-01,        6.073e+00,    4.793,  2.441e-04

Optimization was successful.
Statistics:
    total iterations:   40
    final objective value:  4.237e-01
    final gradient norm:    2.324e-01
    total number of state systems solved:    274
    total number of adjoint systems solved:   42
